variant_id,stop_id
853476,812
853476,3861
853476,4458
853476,4115
853476,4709
853476,4481
853476,4678
853476,4461
853476,4746
856825,5462
856825,2855
857856,812
857856,3861
857856,4458
857856,4115
857856,4459
857856,4746
857892,5608
857892,149
857892,912
857893,148
857893,5609
857893,4144
857894,115
857894,4803
857894,981
857894,2482
857894,73
857894,5609
857895,5609
858690,2714
858690,5608
858690,149
858690,912
859948,3134
859948,481
859948,3891
859948,5625
862436,1542
862581,1635
862581,4685
862581,1544
862581,3523
862581,1418
862581,2031
862936,2528
862936,2036
862936,353
862936,4284
862936,4286
862938,812
862938,3861
862938,4458
862938,4115
862938,4709
862938,4481
862938,4678
862938,4461
862938,4746
862938,4711
863606,1601
863645,1497
863645,2818
863731,1901
863731,604
863731,708
863731,711
863731,3422
864247,5608
864247,895
864250,1015
864250,5609
864752,1819
865034,3884
865034,3415
865034,2828
865034,707
865034,603
865034,1900
865034,4892
865103,116
865103,5424
865103,1142
865103,665
865190,5626
865190,2861
865190,1149
865815,1015
865815,5609
865820,2714
865820,5608
865820,149
865821,153
865821,148
865822,115
865822,4803
865822,981
865822,2482
865822,73
865823,981
865823,2482
865823,73
865835,5608
865835,149
865835,153
865849,5608
865849,2251
865849,895
866131,760
866131,757
866131,1230
866131,2711
866131,3415
866131,707
866131,603
866508,2820
866508,1496
866508,1604
866602,812
866602,3861
866602,4458
866602,4434
866602,4463
866624,5608
866624,72
866624,1125
866624,4804
866624,114
866625,5609
866625,4201
866631,153
866631,148
866631,5609
866632,115
866632,4803
866632,981
866632,2482
866632,73
866632,5609
866633,981
866633,2482
866633,73
866633,5609
866935,760
866935,757
866935,1230
866935,2711
866935,3419
866935,5636
866935,2375
866959,148
866959,5609
867067,103
867067,799
867067,1125
867067,3762
867067,114
867067,5154
867067,4748
867132,812
867132,403
867181,3422
867276,5218
867276,5221
867276,5705
867276,5692
867298,3908
867298,1398
867298,3522
867298,1418
867298,2031
867298,1868
867315,1868
867322,1573
867322,1501
867322,1580
867322,1419
867322,1547
867327,1541
867357,2741
867357,1581
867357,1502
867357,1572
867385,1587
867440,1897
867440,2034
867440,1417
867440,5437
867440,1541
867440,4684
867440,4572
867546,539
867546,527
867741,4250
867741,1581
867741,1502
867741,1572
867876,4652
867876,637
867908,1901
868565,376
868565,1817
868565,5571
868565,388
868588,526
868588,538
868604,526
868604,538
868606,1901
868606,604
868606,708
868606,711
868606,3422
868663,1901
868663,613
868663,3895
868717,3762
868718,665
868737,5296
868737,271
868737,281
868737,3782
868737,5571
868760,1160
868791,4652
868794,3134
868858,576
868877,5636
868877,2506
868877,3422
868877,2013
868878,604
868878,708
868878,3422
868879,5700
868879,5220
868929,1782
868929,638
868929,3124
868929,691
869131,582
869131,5761
869131,575
869131,4892
869202,582
869202,5761
869202,575
869202,613
869352,1398
869352,3522
869352,1418
869352,2033
869352,1628
869371,1751
869371,1868
869375,3522
869375,1419
869375,1471
869375,4899
869377,4250
869377,1581
869377,1502
869377,1572
869379,1542
869388,1603
869388,1497
869388,2818
869426,1773
869426,1586
869452,1407
869452,1532
869452,2818
869454,4250
869454,1581
869454,1502
869454,1572
869520,637
869520,668
869520,2172
869550,576
869550,5761
869550,1189
869550,935
869550,707
869550,613
869550,4652
869550,637
869550,644
869618,1817
869618,5626
869618,1963
869618,2855
869657,1901
869657,604
869657,708
869657,711
869657,3422
869657,4431
869657,4523
869657,2245
869657,3641
869657,4254
869660,3720
869660,4529
869660,3600
869660,3603
869660,3596
869660,3598
869660,5627
869660,2506
869660,3415
869660,2828
869660,707
869660,1819
869677,638
869677,3124
869677,687
869677,2056
869677,5110
869678,686
869678,3123
869678,636
869686,1782
869686,638
869686,3124
869686,691
869686,5599
869686,4445
869708,4700
869708,3537
869708,638
869708,4646
869708,46
869708,5363
869708,3650
869708,3036
869708,1979
869708,3669
869708,1702
869708,3706
869708,3588
869708,3666
869708,3722
869745,1751
869745,1868
869746,1548
869746,1420
869746,5437
869746,1541
869747,1497
869747,2818
869747,1534
869747,1418
869747,2031
869754,1603
869754,1497
869754,2818
869754,1534
869754,1418
869754,2033
869754,1750
869763,1750
869770,1573
869770,1501
869770,1580
869770,1418
869776,1548
869776,1420
869776,5437
869788,1868
869830,1751
869830,1709
869830,2031
869831,1603
869831,1497
869831,2818
869831,1534
869831,1418
869831,2031
869862,3522
869862,1418
869862,2031
869862,1495
869874,1160
869874,212
869874,2479
869874,115
869937,115
869938,1160
869938,212
869938,2479
869938,115
869938,3130
869938,5408
869939,665
869970,1901
869970,613
869973,4652
870020,5571
870020,3890
870020,480
870024,5296
870078,5432
870127,5475
870127,179
870136,5475
870136,179
870136,4387
870136,4490
870218,5587
870218,4400
870218,2665
870218,4280
870218,1934
870218,4278
870218,4754
870218,4287
870218,4288
870220,5587
870220,4400
870220,2665
870220,4280
870220,1934
870220,4278
870231,3899
870231,1819
870231,2815
870231,281
870231,3934
870259,26
870259,5125
870259,3906
870259,319
870259,308
870259,2855
870259,5296
870349,5626
870371,3895
870372,1892
870372,603
870372,1900
870378,576
870378,1034
870378,1701
870378,5761
870378,1189
870378,935
870378,707
870378,613
870378,4652
870378,637
870378,648
870378,5600
870378,665
870421,1759
870421,1142
870423,638
870424,647
870424,639
870424,3899
870424,1248
870424,708
870424,711
870424,3421
870424,2305
870425,647
870425,637
870435,5571
870435,3890
870454,3901
870454,307
870454,952
870454,1782
870454,638
870553,4125
870553,5689
870553,5700
870553,5220
870577,1542
870577,3523
870577,1419
870577,1547
870577,2536
870578,1897
870578,2034
870578,2583
870578,1614
870578,2817
870581,1897
870581,2034
870581,1417
870581,1543
870582,2356
870582,1501
870582,1580
870582,1419
870582,4897
870585,1751
870585,1709
870585,2034
870585,1417
870585,1533
870585,2817
870585,1496
870585,1604
870595,1419
870595,1547
870595,2536
870596,4250
870596,1419
870596,1547
870596,2536
870628,2034
870628,1417
870628,5437
870628,1397
870632,1629
870632,2031
870657,4896
870657,1420
870657,5437
870856,5475
870856,179
870856,4387
870876,5608
870876,149
870882,148
870882,5609
870883,153
870883,148
870883,5609
870885,1015
870928,637
870928,5108
870928,5341
870928,5674
870935,1188
870935,708
870935,711
870935,3421
870935,728
870935,3244
870935,2105
870935,3656
870935,3669
870935,1702
870935,3706
870935,3709
870935,1200
870935,3662
870935,3664
870935,1204
870935,3635
870959,1188
870959,708
870959,711
870959,3421
870959,728
870959,3244
870959,4596
870959,3668
870959,1979
870959,3669
870959,3706
870959,3709
870959,1200
870959,3662
870959,3664
870969,4700
870969,3537
870969,638
870969,4646
870969,46
870969,1172
870969,4726
870971,4728
870971,696
870971,46
870972,46
870972,1172
870972,4726
871012,33
871012,4663
871012,538
871090,639
871090,3899
871108,3412
871108,1306
871108,2863
871108,3900
871108,2527
871109,2528
871109,3901
871109,2855
871109,1174
871109,116
871146,799
871146,1125
871146,3762
871146,114
871181,642
871181,636
871181,1312
871181,1176
871181,4893
871181,1901
871181,604
871181,605
871181,708
871181,711
871181,3421
871193,1160
871193,639
871193,3899
871193,1892
871193,604
871193,934
871193,2117
871193,5761
871193,575
871201,5761
871201,1189
871201,935
871201,707
871201,613
871201,4652
871201,637
871201,644
871207,648
871207,5579
871207,212
871207,5296
871207,271
871207,281
871207,812
871208,639
871208,3895
871226,5154
871226,5160
871226,240
871226,30
871226,305
871226,3900
871226,5639
871229,1248
871229,708
871229,711
871229,3421
871229,2305
871229,728
871251,638
871252,636
871252,818
871252,964
871252,5469
871252,493
871252,494
871252,3900
871252,5639
871253,553
871258,2049
871263,5296
871263,271
871263,2863
871288,2869
871315,5626
871315,1963
871315,3182
871315,2861
871315,1149
871315,5297
871315,1142
871315,5582
871331,1548
871331,1420
871331,1581
871331,1502
871331,1572
871335,1573
871335,1501
871335,1387
871335,4685
871335,2817
871335,1531
871335,1408
871343,3522
871343,1419
871343,1547
871343,2536
871362,2034
871362,1417
871362,1581
871362,1502
871362,2355
871376,2820
871376,1531
871376,1408
871426,1275
871426,4642
871426,551
871426,607
871456,576
871456,5577
871456,2746
871456,4917
871456,1826
871456,4927
871456,5010
871495,3598
871495,5627
871495,2506
871495,3415
871527,4652
871527,637
871527,648
871527,5579
871527,212
871527,5296
871527,271
871527,281
871527,812
871531,2274
871531,3415
871531,2828
871531,707
871531,1819
871531,1289
871531,2028
871531,5167
871531,5155
871531,212
871531,3547
871535,1149
871535,5297
871535,240
871535,1175
871535,1782
871535,639
871535,3899
871536,648
871536,656
871536,242
871536,5296
871536,179
871542,284
871542,2861
871542,1149
871542,5614
871542,5274
871542,1759
871542,1251
871594,242
871594,5167
871594,5155
871594,115
871594,3136
871595,1160
871596,4652
871596,637
871596,668
871596,2172
871596,5405
871626,3415
871626,2828
871626,707
871626,606
871626,603
871626,1900
871626,4892
871626,2029
871626,1313
871626,637
871626,668
871627,2172
871627,675
871637,5761
871637,2117
871637,1189
871637,935
871637,707
871637,613
871637,4652
871637,637
871637,648
871637,5600
871637,665
871644,4652
871644,637
871662,3412
871662,3547
871662,5297
871662,1151
871662,305
871662,3891
871662,5432
871667,2479
871668,5639
871669,3218
871669,5424
871670,5639
871674,637
871674,5579
871674,212
871674,195
871674,179
871698,2855
871698,1174
871698,1142
871698,2172
871698,675
871698,5108
871709,5781
871710,3196
871710,3421
871710,2275
871712,1248
871712,708
871712,711
871712,3421
871716,5297
871716,1142
871753,2855
871753,205
871796,5296
871797,5297
871799,4895
871799,4757
871799,560
871799,556
871799,2950
871800,579
871800,555
871800,559
871800,4760
871800,4892
871801,644
871801,5579
871801,5296
871801,271
871801,281
871801,403
871801,5571
871804,604
871804,708
871804,3419
871809,4125
871818,579
871818,1701
871818,555
871818,559
871818,551
871818,4760
871879,539
871879,4664
871879,838
871888,5288
871888,5613
871888,4478
871888,4707
871888,4467
871908,812
871908,3861
871908,4458
871908,4463
871908,4707
871908,4744
871908,4493
871908,4497
871927,1901
871927,604
871927,708
871927,711
871927,3422
871927,4431
871927,4523
871927,2245
871927,3641
871927,3027
871927,3025
871927,4551
871943,1188
871943,708
871943,711
871943,3421
871943,728
871943,3244
871943,3720
871943,4596
871943,3668
871943,1979
871943,3669
871943,3706
871943,3709
871943,1200
871943,3662
871943,3664
871945,1188
871945,708
871945,711
871945,3421
871945,728
871945,3244
871945,2105
871945,3656
871945,3669
871945,1702
871945,3706
871945,3709
871945,1081
871958,576
871958,5577
871958,2746
871958,4987
871958,4917
871958,1826
871958,4927
871958,5010
871971,3600
871971,3603
871971,3596
871971,3598
871971,5627
871971,2506
871971,3415
871971,2828
871971,707
871990,5167
871990,5155
871990,115
871997,3134
871997,481
871997,3891
871997,5625
872014,638
872031,1125
872031,3762
872031,114
872031,5154
872031,952
872032,115
872032,3136
872070,637
872081,3415
872082,5297
872195,5626
872195,1963
872195,3182
872195,2861
872195,1149
872195,5297
872195,1142
872195,5582
872195,5583
872215,1629
872215,2034
872215,1417
872215,5437
872215,1397
872219,1398
872219,1541
872219,1579
872219,1583
872237,2741
872237,1581
872237,1502
872237,1572
872304,1680
872304,1582
872304,5115
872304,1614
872304,2817
872304,1496
872304,1604
872306,1679
872306,1580
872306,1419
872306,4897
872307,1472
872307,4899
872315,1497
872315,2818
872315,5310
872315,5114
872315,1586
872315,1868
872317,1680
872317,1582
872317,5115
872317,1614
872317,2817
872317,1496
872317,1604
872334,5587
872334,4400
872334,2665
872334,4280
872334,1934
872334,4278
872334,4754
872334,4287
872344,5475
872344,5791
872344,179
872344,4387
872351,5288
872351,5613
872351,4478
872351,4465
872351,4746
872360,3758
872360,1149
872360,4478
872360,4707
872360,4744
872365,1782
872365,638
872365,3124
872365,691
872365,5599
872365,4445
872365,4726
872369,3641
872380,5109
872380,5110
872380,686
872380,3123
872380,642
872380,636
872382,3884
872382,3415
872382,2828
872382,707
872382,603
872382,1900
872382,4892
872407,3420
872407,5592
872407,4566
872407,4256
872407,2115
872409,576
872409,5577
872409,2746
872409,4987
872409,4931
872409,5118
872409,5795
872409,1852
872409,5723
872417,1200
872417,3662
872417,3664
872417,1204
872417,3600
872417,3603
872417,3596
872417,3598
872417,5627
872417,2506
872417,3415
872417,2828
872417,707
872471,638
872471,3124
872471,687
872471,2056
872471,5110
872471,5108
872480,4700
872480,3537
872480,638
872480,4646
872480,46
872484,576
872484,5577
872484,2746
872484,4987
872484,5724
872484,5795
872484,1852
872484,5723
872498,4254
872498,3617
872498,1085
872498,3603
872498,3596
872498,3598
872498,5627
872498,2506
872498,3415
872498,2828
872498,707
872498,612
872498,1819
872525,1188
872525,708
872525,711
872525,3422
872525,3195
872525,2013
872525,5592
872525,3641
872525,3027
872525,3025
872525,4551
872525,4544
872533,637
872533,648
872533,656
872533,965
872533,1004
872533,1330
872533,3517
872533,480
872552,242
872552,1813
872552,212
872552,3547
872552,5288
872558,2274
872558,3415
872558,2828
872558,707
872558,613
872558,4652
872558,638
872558,700
872571,2816
872571,952
872571,1782
872571,4894
872571,3517
872572,2899
872572,55
872572,5440
872572,2274
872572,2304
872572,3415
872572,2828
872572,707
872572,603
872572,4892
872572,1330
872572,3517
872572,508
872572,5456
872572,3514
872572,2861
872572,1149
872572,5274
872578,509
872578,3526
872578,841
872578,2029
872578,1313
872578,637
872578,5467
872579,1312
872579,2028
872579,3517
872579,508
872579,5456
872608,5571
872609,2274
872609,3415
872609,2828
872609,603
872609,4892
872609,1330
872609,2815
872610,2274
872610,3415
872610,2828
872610,603
872610,4892
872610,1330
872610,2815
872612,1188
872612,711
872612,3421
872612,2305
872646,5167
872646,5155
872646,115
872646,3136
872647,5409
872647,3130
872647,116
872647,5424
872647,1142
872647,665
872649,4571
872649,869
872649,5123
872667,5681
872667,4125
872667,5689
872667,3906
872667,3514
872667,3519
872690,2010
872696,469
872696,27
872698,4652
872698,1892
872698,603
872698,1900
872698,1061
872698,4892
872700,5761
872700,1189
872700,935
872700,707
872700,613
872700,4652
872700,637
872700,648
872700,5600
872700,665
872704,576
872704,5761
872708,242
872708,1813
872708,212
872708,3547
872708,5288
872708,271
872715,5274
872715,1759
872715,211
872715,240
872717,5274
872717,1759
872717,5412
872717,211
872717,240
872718,5274
872718,1759
872718,211
872718,240
872743,5424
872743,5154
872743,5160
872743,240
872743,30
872743,305
872743,3900
872743,5639
872746,2274
872746,3415
872746,2828
872746,707
872746,613
872747,1759
872747,1142
872747,5154
872747,5162
872747,1176
872747,1178
872747,613
872749,2869
872749,1142
872749,5582
872749,638
872761,26
872761,5125
872761,3906
872761,319
872761,308
872773,3415
872773,2828
872773,707
872773,613
872779,603
872779,4892
872784,5297
872784,4571
872784,3517
872784,3518
872791,2899
872791,55
872791,5440
872791,2274
872791,2304
872791,3415
872791,2828
872791,707
872791,603
872791,4892
872791,1330
872791,3517
872791,508
872793,2899
872793,55
872793,5440
872793,2274
872793,2304
872793,3415
872793,2828
872793,707
872806,2594
872806,934
872809,509
872809,3526
872809,546
872809,27
872817,509
872817,3526
872817,841
872817,2029
872817,1313
872817,637
872826,5424
872826,5154
872826,240
872826,1330
872826,3517
872826,508
872843,509
872843,3526
872843,546
872843,613
872843,637
872858,1215
872858,481
872864,818
872864,964
872864,5469
872865,977
872865,1312
872865,1871
872865,1782
872865,637
872866,494
872874,576
872874,2880
872874,553
872874,4892
872874,1330
872874,3517
872874,508
872893,3890
872893,3518
872893,5460
872893,509
872893,3526
872893,2816
872893,814
872893,665
872894,2855
872910,1330
872910,5123
872920,4922
872920,576
872928,2506
872928,3422
872928,2013
872928,761
872946,1901
872946,604
872946,708
872946,711
872946,3420
872950,4827
872950,4389
872950,2665
872950,348
872950,481
872951,2528
872951,2036
872951,353
872951,4284
872951,4286
872951,4291
872951,4301
872951,4276
872951,4275
872977,5109
872977,5110
872977,686
872977,3123
872977,636
872985,4525
872985,3628
872985,4554
872985,3617
872985,1085
872985,3603
872985,3596
872985,3598
872985,5627
872985,2506
872985,3415
872985,2828
872985,707
872985,612
872985,1819
872993,638
872993,3124
872993,687
872993,2056
872993,5110
872993,5108
872993,5405
872995,637
872995,5108
872995,5341
872995,4954
873010,1188
873010,708
873010,711
873010,3421
873010,728
873010,3244
873010,2105
873010,3720
873010,3656
873010,3669
873010,1702
873010,3706
873010,3709
873010,1081
873034,576
873034,5577
873034,2245
873034,3641
873034,4254
873034,3619
873034,1085
873034,5762
873034,3663
873034,1083
873034,4539
873038,3514
873038,508
873038,480
873038,347
873038,2666
873038,4389
873038,4825
873038,4738
873039,4288
873039,4300
873039,4754
873039,4285
873039,4283
873039,1217
873039,357
873039,2527
873040,4747
873040,4460
873040,4114
873040,4457
873040,3410
873041,5789
873041,5476
873042,4291
873042,4277
873042,1933
873042,4279
873042,2666
873042,4401
873042,5588
873042,335
873043,4492
873043,4429
873043,4479
873043,5635
873043,5614
873043,5274
873044,389
873044,5625
873044,1816
873044,375
873044,4413
873045,4429
873045,4464
873045,4457
873045,3410
873046,4288
873046,4300
873046,4754
873046,4285
873046,4283
873046,1217
873046,357
873046,2527
873048,4747
873048,4462
873048,4678
873048,4480
873048,4710
873048,4114
873048,4457
873048,3410
873049,4387
873049,5789
873049,5476
873050,4813
873050,4387
873050,5789
873050,5476
873051,4813
873051,4387
873051,5789
873051,5476
873052,4387
873052,5789
873052,5476
873053,5789
873053,5476
873054,4276
873054,4291
873054,4277
873054,1933
873054,4279
873054,2666
873054,4401
873054,5588
873054,335
873055,4277
873055,1933
873055,4279
873055,2666
873055,4401
873055,5588
873055,335
873056,4747
873056,4429
873056,4479
873056,5635
873056,5614
873056,5274
873057,4429
873057,4479
873057,5635
873057,5614
873057,5274
873058,4492
873058,4429
873058,4479
873058,5635
873058,5614
873058,5274
873059,4747
873059,4429
873059,4479
873059,5635
873059,5614
873059,5274
873060,4496
873060,4490
873060,4745
873060,4429
873060,4464
873060,4457
873060,3410
873063,4492
873063,4745
873063,4429
873063,4479
873063,271
873063,3757
873069,481
873069,509
873069,3526
873069,814
873069,1175
873069,638
873070,2049
873070,3906
873070,3514
873070,3526
873070,546
873070,1248
873070,711
873070,3420
873071,757
873071,3415
873071,2828
873071,1819
873071,1330
873071,3517
873071,3518
873071,5523
873077,4570
873077,5296
873078,5297
873078,4571
873078,869
873082,4125
873082,3906
873082,3514
873082,3519
873085,5587
873085,4400
873085,348
873085,1215
873085,481
873085,509
873086,1330
873086,3517
873086,480
873086,2035
873086,350
873088,518
873088,5740
873088,2955
873088,3134
873090,1160
873090,639
873090,3899
873090,1892
873090,604
873090,934
873090,5761
873090,575
873092,2869
873092,1142
873092,5582
873092,638
873093,5571
873093,3890
873093,480
873093,3134
873094,2869
873094,5297
873094,240
873094,1175
873095,5109
873095,212
873095,1306
873095,281
873095,1962
873095,3934
873095,3890
873095,480
873095,2527
873095,5332
873095,576
873096,5689
873096,2331
873096,2528
873096,481
873096,509
873096,3526
873096,4895
873096,554
873097,3893
873097,481
873097,509
873097,3526
873097,4895
873097,554
873100,187
873100,2869
873100,5297
873100,4571
873100,869
873100,2815
873100,3518
873100,5540
873100,5523
873101,5297
873101,4571
873101,869
873101,5575
873104,3526
873104,2816
873104,4570
873104,5296
873115,977
873115,818
873115,964
873115,5469
873129,4652
873130,3899
873130,1819
873130,2815
873130,281
873130,3934
873134,5626
873136,2274
873136,3415
873136,2828
873139,603
873139,4892
873139,1330
873139,2815
873139,3891
873139,396
873139,5626
873144,481
873144,509
873144,3526
873144,814
873144,1175
873147,1819
873147,1330
873147,3517
873147,3518
873147,5523
873148,1248
873148,711
873148,3420
873163,1160
873163,212
873164,116
873164,5424
873165,2172
873170,5296
873192,637
873192,2172
873192,675
873195,1215
873195,481
873195,509
873196,481
873196,509
873198,481
873198,509
873207,5274
873207,1759
873207,5412
873207,1142
873218,5424
873219,3547
873220,1759
873220,1142
873220,5154
873220,5162
873221,2274
873221,3415
873221,2828
873221,707
873221,613
873221,4652
873221,638
873222,639
873222,3899
873222,1248
873222,708
873222,711
873222,3421
873222,2305
873236,3134
873237,3134
873242,2869
873242,5297
873242,240
873244,648
873244,656
873244,242
873244,5296
873244,5791
873244,179
873244,912
873247,2172
873247,675
873247,5108
873256,3514
873256,3526
873256,2816
873256,4570
873256,5296
873257,2816
873257,952
873257,1782
873257,4894
873257,3517
873261,1759
873261,1142
873264,1138
873264,3412
873264,211
873264,240
873282,16
873282,198
873282,3547
873282,5297
873282,1151
873282,494
873282,3518
873282,5456
873283,4652
873283,637
873284,3514
873284,3526
873284,546
873284,613
873284,637
873285,636
873285,818
873285,3517
873285,508
873285,5460
873285,3514
873288,864
873288,3890
873288,3518
873288,5460
873289,864
873289,3890
873289,3518
873289,5460
873289,509
873289,3526
873289,2816
873289,1782
873289,638
873290,864
873291,636
873291,818
873291,3517
873291,508
873291,5460
873291,3514
873293,3514
873293,396
873295,864
873295,3890
873295,3518
873295,5460
873295,509
873295,3526
873295,2816
873295,1782
873295,638
873296,3900
873297,3802
873297,2869
873297,5297
873297,3517
873297,508
873299,3901
873299,315
873299,1782
873299,641
873303,576
873303,2880
873303,553
873303,5425
873303,637
873306,509
873306,3526
873308,553
873308,4892
873308,1330
873308,3517
873308,508
873311,603
873311,1061
873311,554
873312,5445
873312,2528
873312,481
873312,5457
873312,509
873312,3526
873312,546
873312,4895
873312,554
873326,5459
873339,575
873346,760
873346,757
873346,1230
873346,2711
873346,3419
873346,2375
873347,2506
873347,3415
873347,707
873347,603
873358,1497
873358,2818
873358,3523
873358,1419
873358,1471
873358,4899
873359,1573
873359,1501
873359,1580
873359,1419
873359,1547
873359,2536
873360,4898
873360,1547
873360,3524
873360,1541
873361,1603
873361,1497
873361,2818
873361,5310
873361,5114
873361,1586
873361,1868
873363,1573
873363,1501
873363,1580
873363,1419
873363,1471
873363,4899
873364,1542
873364,1418
873364,2031
873365,4896
873365,1420
873365,1581
873365,1387
873371,3908
873371,1398
873371,3522
873371,1596
873371,5179
873371,2355
873372,2356
873372,5180
873372,1586
873372,1396
873372,2033
873372,1750
873373,1751
873373,2031
873373,1869
873373,1582
873373,5179
873373,2355
873374,1407
873374,1532
873374,2818
873374,4684
873374,1679
873374,1502
873374,1572
873376,1573
873376,1501
873376,1580
873376,1544
873376,3523
873376,3857
873377,3858
873377,3524
873377,1541
873377,1581
873377,1502
873377,1572
873378,1573
873378,5180
873378,1583
873378,1396
873378,1495
873379,1897
873379,1869
873379,1582
873379,5179
873379,1572
873380,1869
873386,1548
873386,1420
873386,1533
873388,1548
873388,1420
873388,5310
873389,1534
873389,1419
873389,1547
873389,2536
873390,1534
873390,1581
873390,1502
873390,1572
873391,1407
873392,4898
873392,1547
873392,3524
873393,1751
873394,1408
873395,1408
873395,1542
873395,3523
873395,1548
873395,4899
873396,1582
873396,1578
873396,1544
873410,1603
873410,1497
873411,2820
873411,5310
873411,5114
873411,1586
873411,1868
873412,1496
873412,1604
873421,1573
873421,1501
873421,1580
873421,1533
873423,1472
873423,4899
873426,1534
873426,1581
873426,1502
873426,1572
873427,1407
873428,1531
873429,1541
873430,1408
873430,1542
873430,1418
873430,2031
873433,4896
873433,1420
873433,5437
873434,2356
873434,1501
873434,1580
873434,1418
873454,1773
873454,1582
873454,1578
873454,1544
873454,1397
873457,1398
873457,1541
873457,1579
873457,1583
873459,4898
873459,1547
873459,3857
873459,3902
873468,1603
873468,1497
873469,2818
873469,1534
873469,1418
873469,2033
873469,1750
873470,1496
873470,1604
873471,2820
873471,1496
873471,1604
873472,1398
873472,1418
873472,2033
873472,1750
873477,2356
873477,5180
873477,1578
873477,1565
873482,1564
873482,1579
873482,5179
873482,2355
873483,1407
873483,1532
873484,1573
873484,1501
873484,1387
873484,4685
873484,2817
873485,1573
873485,1501
873485,1387
873485,4685
873485,2817
873486,1531
873486,1408
873487,1531
873488,2818
873488,4684
873488,1679
873488,1502
873488,1572
873491,1397
873491,3907
873492,1541
873492,1581
873492,1502
873492,2355
873688,26
873688,5423
873688,3906
873688,319
873688,308
873688,2855
873688,5296
873692,396
873692,3890
873692,304
873692,2855
873692,5296
873692,1759
873693,577
873693,2528
873693,481
873693,3891
873693,3933
873693,3182
873693,2855
873693,1174
873693,1142
873693,2172
873693,675
873693,5108
873697,2899
873697,51
873697,2274
873697,3415
873697,2828
873697,707
873697,603
873697,4892
873700,509
873700,3526
873700,5388
873700,841
873700,2029
873700,1313
873700,1248
873700,2594
873700,934
873706,1215
873706,481
873706,5458
873706,509
873706,3526
873706,5296
873706,3801
873711,5750
873711,5760
873711,5757
873711,575
873715,26
873715,396
873716,648
873716,656
873716,965
873716,1004
873716,1330
873716,3517
873716,480
873722,5423
873723,1249
873723,27
873735,242
873735,5167
873735,5155
873735,115
873735,3136
873738,613
873759,5681
873759,4125
873759,5689
873759,3906
873759,3514
873759,3519
873759,546
873759,856
873759,27
873764,26
873764,3906
873764,3514
873764,3519
873768,1330
873768,3517
873768,480
873777,3892
873777,27
873778,26
873778,3906
873783,26
873783,5423
873783,3906
873783,319
873783,308
873783,2855
873783,5296
873786,5439
873786,1963
873786,2863
873786,316
873786,3518
873786,5539
873786,3892
873786,1249
873786,5584
873786,3134
873788,469
873788,5573
873788,5423
873788,3514
873788,317
873788,281
873788,403
873788,3256
873794,1963
873794,2863
873794,316
873794,3518
873794,1249
873796,3134
873796,5573
873801,5423
873801,3906
873801,3514
873801,317
873801,281
873801,403
873802,5584
873802,3134
873803,5423
873803,3906
873803,3514
873803,317
873803,281
873803,403
873804,3514
873804,317
873804,281
873804,403
873804,3256
873806,26
873806,3893
873809,638
873809,700
873810,639
873810,3899
873811,281
873824,3134
873824,5681
873825,5689
873825,2955
873825,3134
873826,912
873826,2869
873826,5297
873826,240
873826,1175
873827,2869
873827,5297
873827,240
873827,1175
873832,26
873832,576
873835,5689
873835,2049
873835,3892
873835,27
873836,26
873836,5423
873836,5523
873836,5692
873837,26
873837,556
873846,3899
873846,604
873846,708
873846,711
873846,3421
873846,2305
873846,2871
873847,27
873853,5288
873853,271
873853,2863
873853,3518
873853,5456
873861,3892
873861,1249
873861,3134
873863,5424
873863,5154
873863,240
873865,3134
873874,509
873874,3526
873874,546
873874,613
873874,3895
873876,636
873876,818
873876,3517
873876,508
873876,5460
873881,509
873881,3526
873881,546
873881,4895
873881,554
873888,4825
873888,864
873888,3890
873888,3526
873888,547
873896,5423
873896,5692
873899,644
873906,148
873906,5609
873907,115
873907,4803
873907,981
873907,2482
873907,73
873907,5609
873912,153
873912,148
873912,5609
873913,153
873913,148
873913,5609
873913,4144
873914,5609
873937,5608
873937,895
873937,3870
873956,5608
873956,895
873965,5608
873965,2251
873965,895
873990,576
873990,5577
873990,3609
873990,2245
873990,3641
873990,4254
873990,3619
873990,3617
873990,1085
873990,3600
874019,3420
874019,5592
874019,4566
874037,3600
874037,3603
874037,3596
874037,3598
874037,5627
874037,2506
874037,3415
874037,2828
874037,707
874148,5571
874148,864
874148,327
874148,5487
874148,546
874148,4893
874148,1901
874148,604
874148,711
874148,3421
874148,2305
874154,1125
874154,3762
874154,114
874154,5154
874154,4748
874155,4652
874155,637
874155,668
874155,2172
874159,3415
874159,2828
874159,707
874159,606
874159,603
874159,1900
874159,4892
874159,1289
874159,2029
874159,1313
874159,637
874159,668
874159,2172
874159,675
874161,469
874161,5739
874161,1011
874163,4652
874163,1892
874163,603
874163,1900
874164,5297
874164,1306
874164,1151
874164,307
874164,318
874164,3892
874164,1249
874164,27
874165,1963
874165,2863
874165,316
874165,3518
874165,1249
874165,5584
874165,3134
874166,3134
874166,5573
874166,5423
874166,3514
874166,317
874166,281
874166,403
874167,3218
874167,5424
874167,5154
874167,5160
874167,240
874167,30
874167,305
874167,3900
874167,5639
874168,3901
874168,307
874168,304
874168,2531
874168,5167
874168,5155
874168,2479
874169,647
874169,639
874169,3899
874169,1248
874169,708
874169,711
874169,3421
874169,2305
874170,5297
874170,1151
874170,307
874170,318
874170,3892
874170,27
874171,3901
874171,307
874171,952
874171,1782
874171,638
874173,5781
874173,553
874173,4892
874173,5123
874173,3517
874173,480
874173,3894
874174,4570
874174,5296
874179,935
874179,707
874179,611
874179,1819
874179,1312
874179,2028
874179,1330
874179,3517
874179,508
874179,5456
874182,5424
874182,5154
874182,240
874182,1330
874182,3517
874182,508
874182,5461
874182,3892
874182,1249
874182,3134
874183,16
874183,198
874183,3547
874183,5297
874183,1151
874183,494
874183,3518
874183,5456
874183,509
874183,3526
874183,546
874183,613
874183,3895
874184,636
874184,818
874184,3517
874184,508
874184,5460
874184,3514
874184,1000
874184,5626
874185,636
874185,818
874185,3517
874185,508
874185,5460
874185,3514
874185,396
874186,3802
874186,2869
874186,5297
874186,3517
874186,508
874186,5457
874186,480
874186,2035
874188,3890
874188,3518
874188,5460
874188,509
874188,3526
874188,2816
874188,814
874188,665
874190,5761
874190,575
874190,977
874190,2028
874190,1330
874190,3517
874190,5459
874193,5758
874193,5759
874193,5753
874194,3899
874194,1819
874194,2815
874194,281
874194,3934
874195,3933
874195,2863
874195,316
874195,5487
874195,613
874195,4652
874197,1188
874197,711
874197,3421
874197,2305
874199,637
874203,2049
874203,3906
874203,3514
874203,3526
874203,546
874203,613
874216,1125
874216,3762
874216,114
874216,5154
874216,5160
874216,4748
874219,3526
874219,5575
874219,4570
874241,642
874241,636
874241,1312
874241,1176
874241,4893
874241,1901
874241,604
874241,605
874241,708
874241,711
874241,3421
874245,348
874246,1330
874246,3517
874246,480
874246,2035
874246,350
874246,2010
874247,1330
874247,3517
874247,480
874248,26
874248,5584
874248,3134
874251,1160
874251,639
874251,3899
874251,1892
874251,604
874251,934
874251,5761
874251,575
874253,1160
874253,639
874253,3899
874253,1892
874253,604
874253,5761
874253,1034
874253,1701
874253,575
874256,576
874256,1034
874256,1701
874256,5761
874256,2117
874256,1189
874256,935
874256,707
874256,613
874256,4652
874256,637
874256,648
874256,5600
874256,665
874257,5761
874257,575
874260,648
874260,5600
874260,665
874262,3182
874262,2861
874262,1149
874262,5297
874262,1142
874262,5582
874264,212
874264,3547
874264,5288
874267,3134
874267,5573
874267,5423
874267,3514
874267,317
874267,281
874267,403
874267,5439
874270,1963
874270,2863
874270,316
874270,3518
874270,1249
874271,3134
874271,5573
874273,281
874273,403
874273,3256
874274,5584
874274,3134
874276,396
874276,3890
874276,304
874276,2855
874277,2010
874277,3890
874277,304
874277,2855
874278,307
874278,304
874278,2531
874278,5167
874278,5155
874278,2479
874279,3218
874279,5424
874279,212
874282,5167
874282,5155
874282,212
874282,3547
874284,4652
874284,636
874284,818
874284,656
874284,242
874284,5296
874284,271
874284,5439
874287,481
874287,3891
874287,5625
874289,3134
874296,26
874296,5125
874296,3906
874296,319
874296,308
874296,2855
874296,5296
874298,1151
874298,307
874298,318
874298,3892
874298,27
874300,648
874300,656
874300,242
874300,5296
874300,179
874302,575
874302,2528
874302,481
874304,3890
874304,480
874304,2527
874304,576
874306,5761
874306,707
874308,637
874311,603
874311,4892
874311,5123
874311,3517
874311,480
874311,2527
874311,5523
874311,5692
874312,2276
874312,3415
874313,2049
874314,187
874314,2869
874314,5297
874315,5423
874315,5523
874317,603
874325,2861
874325,5439
874325,1149
874325,5274
874327,509
874327,3526
874327,5388
874327,546
874329,935
874329,707
874329,611
874333,26
874333,1330
874333,3517
874333,508
874333,5458
874333,3514
874333,242
874333,212
874335,509
874335,3526
874335,841
874335,2029
874335,1313
874335,637
874340,3892
874340,1249
874341,3906
874341,5458
874341,3526
874341,547
874341,242
874341,5155
874341,2479
874345,16
874345,198
874345,3547
874345,5297
874345,1151
874345,494
874345,3518
874346,3514
874346,1154
874346,5296
874346,1759
874346,15
874348,128
874352,509
874352,3526
874352,2816
874352,1782
874352,638
874353,1215
874353,481
874354,3802
874354,2869
874354,5297
874354,3517
874354,508
874354,5457
874354,480
874354,2035
874355,480
874355,2035
874361,3008
874361,891
874361,1138
874361,211
874361,240
874362,546
874362,4895
874362,554
874362,5781
874362,575
874365,1160
874365,5582
874365,651
874365,965
874365,3517
874365,508
874365,5460
874365,3514
874365,3901
874366,1160
874366,5582
874366,651
874366,965
874366,3517
874366,508
874366,5460
874366,3514
874366,3901
874370,1233
874370,5459
874370,509
874370,3526
874370,547
874371,5459
874371,509
874371,3526
874371,547
874372,5761
874372,575
874372,977
874372,2028
874372,1330
874372,3517
874372,5459
874372,3581
874373,576
874373,5761
874373,707
874373,613
874374,707
874374,613
874379,4825
874379,864
874383,5758
874383,5759
874383,5753
874384,560
874384,556
874384,5758
874384,5759
874384,5753
874385,5750
874385,5760
874385,5757
874385,575
874402,4125
874403,5626
874403,1963
874403,3182
874403,2861
874403,1149
874403,5297
874403,1142
874403,5582
874404,281
874404,403
874404,5571
874405,5579
874405,5296
874405,271
874405,281
874405,403
874405,5571
874407,1817
874407,5626
874407,1963
874407,2855
874407,1142
874433,1396
874435,3902
874436,1398
874436,3522
874436,1418
874436,2031
874436,1868
874437,1868
874441,1398
874441,3522
874441,1418
874441,2033
874441,1628
874453,3384
874453,1581
874453,1387
874454,3384
874454,1581
874454,1387
874480,3908
874480,3858
874480,3524
874483,3523
874483,3857
874483,3902
874487,1541
874487,4684
874487,4572
874488,3523
874488,1418
874488,2031
874488,1495
874489,1564
874489,1615
874489,1583
874489,1396
874489,1495
874490,1564
874490,1615
874490,5179
874490,1572
874492,1897
874492,1869
874492,1582
874492,5115
874511,4898
874511,1420
874511,1581
874511,1502
874511,1572
874512,1420
874512,5437
874514,4898
874514,1420
874514,5437
874514,2820
874515,1543
874516,3523
874516,1419
874516,1547
874516,2536
874518,1548
874518,1420
874518,5437
874519,1897
874539,1751
874549,3523
874549,1419
874549,4897
874551,4896
874551,1420
874551,5437
874588,3933
874588,2863
874588,316
874588,5487
874588,613
874588,3895
874589,2274
874589,3415
874589,2828
874589,603
874589,4892
874589,1330
874589,2815
874589,3891
874589,5626
874591,26
874599,642
874599,636
874599,1312
874599,1176
874599,4893
874599,1901
874599,604
874599,605
874599,708
874599,711
874599,3421
874601,5569
874601,349
874601,1215
874601,481
874601,509
874603,576
874603,5761
874603,1189
874603,935
874603,707
874603,613
874603,4652
874603,637
874603,648
874603,5600
874603,665
874604,3182
874604,2861
874604,1149
874604,5614
874604,5297
874604,1142
874604,5582
874604,639
874604,3895
874605,5274
874605,1759
874605,211
874605,240
874606,3412
874606,3547
874606,5297
874606,1151
874606,305
874606,3891
874606,5432
874607,1759
874607,1142
874607,5154
874607,5162
874607,1176
874607,1178
874607,1248
874607,708
874607,711
874607,3421
874607,2305
874607,728
874608,637
874608,5579
874608,212
874608,195
874608,179
874609,757
874609,3415
874609,2828
874609,707
874609,603
874609,1900
874609,4892
874610,4652
874610,636
874610,818
874610,656
874610,242
874610,5296
874610,271
874611,636
874611,818
874611,964
874611,5469
874611,493
874611,494
874611,3900
874611,5639
874612,553
874612,4892
874612,5123
874612,3517
874612,480
874612,2527
874612,5523
874612,5692
874614,2049
874614,3906
874614,3514
874614,870
874614,4570
874614,5296
874614,5278
874614,184
874614,179
874614,188
874615,1901
874615,604
874615,708
874615,3421
874615,2178
874615,2871
874616,891
874616,3547
874616,5288
874616,271
874616,2863
874617,5297
874617,4571
874617,3517
874618,5288
874618,271
874618,2863
874618,3518
874618,5456
874618,509
874618,3526
874618,5388
874618,546
874618,4893
874618,604
874618,708
874618,711
874618,3421
874618,2273
874618,2305
874618,5440
874618,2871
874621,469
874621,5573
874621,5423
874621,3906
874621,5458
874621,509
874621,3526
874621,547
874621,242
874621,5155
874621,2479
874622,4652
874622,1819
874622,1330
874622,3517
874622,508
874622,5456
874622,3514
874622,1154
874622,5296
874622,1759
874622,15
874623,864
874623,3890
874623,3518
874623,5460
874623,509
874623,3526
874623,2816
874623,1782
874623,638
874624,864
874624,3890
874624,3518
874624,5460
874624,509
874624,3526
874624,2816
874624,1782
874624,638
874625,757
874625,3415
874625,2828
874625,707
874625,1819
874625,1312
874625,2028
874625,1330
874625,3517
874625,508
874625,5461
874625,3514
874625,2816
874625,1154
874625,281
874626,1151
874626,494
874626,2815
874626,3518
874626,5456
874626,509
874626,3526
874626,841
874626,2029
874626,1313
874626,1248
874626,708
874626,711
874626,3422
874627,2880
874627,553
874627,4892
874627,1330
874627,3517
874627,508
874627,5459
874627,3514
874627,242
874627,212
874627,129
874627,1251
874628,891
874628,1138
874628,211
874628,240
874628,5459
874628,509
874628,3526
874628,546
874628,4895
874628,554
874628,5781
874628,575
874630,5689
874630,2528
874630,481
874630,5457
874630,509
874630,3526
874630,546
874630,4895
874630,554
874631,1160
874631,5582
874631,651
874631,965
874631,3517
874631,508
874631,5460
874631,3514
874631,3901
874635,5582
874635,1164
874636,1163
874636,5579
874638,3895
874641,5571
874641,864
874641,327
874641,5487
874642,2815
874642,3891
874642,396
874642,5626
874644,757
874644,3415
874644,2828
874645,26
874646,3906
874646,3514
874646,3526
874646,546
874646,1248
874646,711
874646,3420
874647,757
874647,3415
874647,2828
874647,613
874660,242
874660,5167
874660,5155
874660,115
874661,242
874661,5167
874661,5155
874661,115
874661,3136
874662,5409
874662,3130
874662,116
874662,5424
874662,1142
874663,5405
874663,639
874663,3899
874664,4571
874664,869
874664,5123
874664,3517
874669,5466
874669,5626
874669,2861
874669,1149
874670,26
874670,3893
874670,3901
874670,281
874670,812
874670,403
874670,3782
874670,5571
874670,388
874682,4125
874682,5689
874682,3892
874682,27
874683,5681
874683,4125
874683,5689
874683,3892
874683,27
874684,4125
874684,5689
874684,3906
874684,3514
874684,3519
874684,546
874684,856
874684,27
874689,642
874689,636
874689,1312
874689,1176
874693,1330
874693,3517
874693,480
874693,2035
874693,350
874694,518
874696,5739
874696,1011
874702,576
874702,5761
874702,2117
874702,1189
874702,935
874702,707
874702,613
874702,4652
874702,637
874702,648
874702,5600
874702,665
874706,4652
874706,637
874706,648
874706,5579
874706,212
874706,5296
874706,271
874707,648
874707,5579
874707,212
874707,5296
874707,271
874708,1149
874708,5614
874708,5297
874708,1142
874708,5582
874708,639
874708,3895
874709,648
874709,5579
874709,212
874709,5296
874709,271
874709,281
874709,812
874712,818
874712,5469
874716,3134
874716,5573
874716,5423
874716,3514
874716,317
874716,281
874716,403
874716,3256
874721,396
874721,3890
874721,304
874721,2855
874721,5296
874721,1759
874722,3890
874722,304
874723,1151
874723,305
874723,3891
874723,5432
874725,1151
874725,305
874725,3891
874726,1151
874726,305
874726,3891
874727,2479
874728,1176
874728,1178
874728,1248
874728,708
874728,711
874728,3421
874728,2305
874728,728
874729,636
874729,818
874729,656
874729,242
874729,5296
874729,271
874730,636
874730,818
874730,656
874730,242
874730,5296
874730,271
874731,1149
874731,5297
874731,240
874731,1175
874731,1782
874740,26
874740,5125
874740,3906
874740,319
874740,308
874743,1151
874743,307
874743,318
874743,3892
874743,27
874744,912
874744,2869
874744,5297
874744,240
874744,1175
874745,648
874745,656
874745,242
874745,5296
874745,5791
874745,179
874745,912
874746,575
874746,2528
874746,481
874747,5109
874749,575
874749,1249
874749,27
874750,212
874750,1306
874750,281
874751,3901
874751,307
874751,952
874751,1782
874751,638
874752,3901
874752,281
874753,5639
874755,4895
874758,1248
874758,708
874758,711
874760,5296
874760,5278
874760,179
874760,188
874761,5296
874765,1782
874765,4894
874765,3517
874767,2899
874767,55
874767,5440
874767,2274
874767,2304
874767,3415
874767,2828
874767,707
874767,603
874767,4892
874767,1330
874767,3517
874767,508
874768,604
874768,708
874768,711
874768,3421
874768,2273
874768,2305
874768,5440
874768,2871
874769,1149
874769,5274
874773,1759
874773,116
874777,26
874777,1330
874777,3517
874777,508
874779,1312
874779,2028
874779,3517
874779,508
874779,5456
874783,3892
874783,1249
874784,469
874784,5573
874784,5423
874784,3906
874784,5458
874785,469
874785,5573
874785,5423
874785,3906
874785,5458
874785,509
874785,3526
874785,547
874785,242
874785,5155
874786,3134
874786,5573
874786,5423
874786,3906
874786,5458
874786,3526
874786,547
874786,242
874786,5155
874786,2479
874787,5424
874787,2554
874789,271
874789,281
874790,3517
874790,508
874790,5460
874790,3514
874790,1000
874790,5626
874791,509
874791,3526
874791,2816
874791,1782
874791,638
874792,864
874792,3901
874794,977
874794,818
874794,964
874794,5469
874796,757
874796,3415
874796,2828
874796,707
874796,1819
874796,1312
874796,2028
874796,1330
874796,3517
874796,508
874797,757
874797,3421
874797,707
874797,613
874797,637
874798,2899
874798,3422
874800,553
874800,5425
874801,5781
874801,575
874805,5689
874805,2528
874805,481
874805,509
874805,3526
874805,547
874808,1160
874808,5582
874808,651
874808,965
874808,3517
874808,508
874809,1160
874809,5582
874809,651
874810,1233
874810,5459
874810,509
874813,5761
874829,5750
874829,5760
874829,5757
874829,555
874829,559
874835,1249
874835,27
874836,115
874836,1139
874836,4803
874836,799
874836,1025
874837,91
874837,798
874837,4804
874837,114
874838,242
874838,212
874838,2479
874838,115
874838,1025
874838,3077
874839,3076
874839,1125
874839,116
874839,5424
874839,211
874839,4748
874840,3077
874840,2869
874840,5476
874840,5288
874840,271
874840,281
874840,3782
874840,5571
874841,5626
874841,3781
874841,2861
874841,1149
874841,5274
874841,5475
874841,179
874841,3076
874842,3517
874842,3518
874842,5540
874842,5523
874842,5692
874844,576
874844,5577
874845,3008
874845,891
874845,1138
874845,3412
874845,211
874845,240
874845,3518
874845,5458
874845,509
874845,3526
874845,546
874845,27
874846,26
874846,1330
874846,3517
874846,508
874846,5458
874846,3514
874846,242
874846,212
874846,1251
874846,2999
874847,553
874847,4892
874847,1330
874847,3517
874847,508
874847,5457
874847,480
874847,2527
874847,5692
874847,5686
874848,1233
874848,5459
874848,509
874848,3526
874848,841
874848,1176
874848,5425
874848,576
874848,5577
874849,3891
874849,396
874849,4827
874849,5522
874849,4881
874849,4878
874850,4873
874850,4875
874850,5413
874850,4825
874850,864
874851,115
874851,1139
874851,4803
874851,799
874851,1025
874852,91
874852,798
874852,4804
874852,114
874854,3076
874854,1125
874854,116
874854,5424
874854,211
874854,4748
874856,3076
874857,3076
874857,1125
874857,116
874857,5424
874857,211
874857,4748
874858,3076
874858,1125
874858,116
874858,5424
874859,242
874859,212
874859,2479
874859,115
874859,1025
874859,3077
874860,2479
874860,115
874860,1025
874860,3077
874861,242
874861,212
874861,2479
874861,115
874861,1025
874861,3077
874863,3077
874863,2869
874863,5476
874863,5297
874864,5626
874864,3781
874864,2861
874864,1149
874864,5274
874864,5475
874864,179
874864,3076
874865,3077
874865,2869
874865,5476
874865,5288
874865,271
874865,281
874865,5571
874866,5626
874866,2861
874866,1149
874866,5274
874866,5475
874866,179
874866,3076
874870,3077
874870,2869
874870,5476
874870,5288
874870,271
874870,281
874870,3782
874870,5571
874870,5466
874871,3077
874871,2869
874871,5476
874871,5288
874871,271
874871,281
874871,5571
874871,5466
874872,5466
874872,5626
874872,3781
874872,2861
874872,1149
874872,5274
874872,5475
874872,179
874872,3076
874873,5466
874873,5626
874873,2861
874873,1149
874873,5274
874873,5475
874873,179
874873,3076
874874,5274
874874,5475
874874,179
874874,3076
874875,3517
874875,3518
874875,5523
874875,5692
874875,5680
874878,26
874878,5423
874878,5692
874879,26
874879,5423
874879,5692
874879,5680
874880,1330
874880,3517
874880,480
874880,347
874880,2666
874880,4401
874881,1330
874881,3517
874881,480
874881,347
874881,2666
874881,4401
874881,864
874883,1160
874883,639
874883,3899
874883,1892
874883,604
874883,934
874883,5577
874884,1160
874884,639
874884,3899
874884,1892
874884,604
874884,934
874884,1034
874884,1701
874884,5577
874885,1160
874885,639
874885,3899
874885,1892
874885,604
874885,934
874885,2117
874885,5577
874886,639
874886,3899
874886,1892
874886,604
874886,934
874888,5571
874888,3890
874888,480
874888,3134
874889,5571
874889,3890
874889,480
874889,3134
874893,5571
874893,3890
874893,480
874894,3134
874894,481
874894,3891
874894,5625
874895,5680
874895,5573
874895,3134
874896,3008
874896,891
874896,1138
874896,3412
874896,211
874896,240
874896,3518
874898,3514
874898,242
874898,212
874898,1251
874898,2999
874899,5692
874899,5686
874900,3891
874900,396
874900,4827
874900,4880
874901,3891
874901,396
874901,4827
874901,5522
874901,4881
874901,4878
874902,3891
874902,396
874902,4827
874902,4880
874904,4873
874904,4875
874904,5413
874904,4825
874904,864
874904,3890
874904,547
874905,4873
874905,4875
874905,5413
874905,4825
874905,864
874905,3890
874906,5636
874906,2506
874906,3422
874906,2013
874906,761
874907,5218
874907,5221
874907,5705
874907,5692
874907,5686
874908,1239
874908,281
874908,403
874908,5625
874908,1816
874908,5522
874908,4881
874908,4878
874909,4873
874909,4875
874909,5413
874909,1817
874909,5626
874909,1963
874909,2855
874909,1142
874910,5686
874913,4895
874913,4757
874913,560
874913,556
874913,1701
874913,2950
874915,1239
874915,281
874915,403
874915,5625
874915,1816
874915,4880
874917,4873
874917,4875
874917,5413
874917,1817
874917,5626
874917,1963
874917,2855
874920,5608
874920,2251
874979,1396
874979,1750
874980,1542
874980,3523
874980,1548
874980,4899
874981,1396
874981,2034
874981,1417
874981,5437
874981,1397
874981,3902
874982,4896
874982,1420
874982,1581
874982,1502
874982,2355
874989,2356
874989,5180
874989,1595
874989,1616
874989,5437
874989,1397
874989,3907
874990,3908
874990,1398
874990,1541
874990,1581
874990,1502
874990,2355
874991,1635
874991,4685
874991,1544
874991,3523
874991,1418
874991,2031
874991,1495
874993,1750
874995,2820
874997,1548
874997,1420
874997,1581
874997,1502
874997,1572
874998,1750
874999,1541
875000,1869
875004,1573
875004,1501
875004,1580
875004,1418
875005,1897
875008,4896
875008,1420
875008,5437
875009,1581
875009,1502
875009,2355
875025,3902
875027,1603
875027,1497
875027,2818
875032,1532
875032,2818
875032,4684
875032,1679
875032,1502
875032,1572
875036,4898
875036,1420
875036,5437
875036,2820
875037,1582
875037,1578
875037,1544
875037,1407
875037,1532
875038,1497
875038,1531
875038,1408
875038,1542
875038,1579
875038,1583
875039,1773
875039,1582
875039,1578
875039,1544
875039,1397
875040,1586
875040,1396
875040,4898
875040,1547
875040,3857
875040,3902
875041,3908
875041,3858
875041,1491
875041,1548
875041,4897
875041,1869
875041,1587
875042,2356
875042,1501
875042,1580
875042,1544
875042,1397
875042,3907
875043,1751
875045,1548
875045,1420
875045,5310
875046,1407
875047,1419
875047,1547
875047,2536
875048,1408
875050,3908
875051,3908
875051,1398
875051,3522
875051,1418
875051,2031
875051,1868
875052,1396
875052,2034
875052,1417
875052,5437
875052,1397
875053,1629
875053,2034
875053,1417
875053,5437
875053,1397
875054,2033
875054,1628
875055,1573
875055,1501
875055,1580
875055,2742
875057,2356
875057,1501
875057,1580
875058,1419
875058,4897
875059,1601
875060,1534
875060,1581
875060,1502
875060,2355
875061,3523
875061,1419
875061,4897
875062,1679
875062,1580
875062,3520
875063,1679
875063,1580
875063,1533
875064,3522
875064,1419
875064,4897
875065,2034
875065,1417
875065,1581
875065,1387
875066,1582
875066,1578
875066,1544
875067,1586
875068,1582
875068,1578
875068,1544
875068,1407
875068,1532
875070,1541
875070,1579
875070,1583
875071,1582
875071,1578
875071,1544
875071,1407
875071,1532
875072,1587
875073,1531
875073,1408
875073,1542
875073,1579
875073,1583
875074,1398
875074,1541
875074,1579
875074,1583
875075,3908
875075,3858
875075,1491
875075,1548
875075,4897
875075,1869
875076,1586
875076,1396
875076,4898
875076,1547
875076,3857
875077,1586
875077,1868
875078,3908
875079,3858
875079,1491
875079,1548
875079,4897
875079,1869
875079,1587
875080,4898
875080,1547
875080,3857
875080,3902
875081,1869
875081,1587
875082,1751
875082,1709
875082,2034
875082,1417
875082,5437
875083,2033
875083,1750
875084,2356
875084,5180
875084,1595
875084,1616
875084,1533
875085,3908
875085,1398
875086,1397
875086,3907
875087,1534
875087,1596
875087,5179
875087,2355
875088,2356
875088,5180
875088,1586
875088,1868
875089,4898
875089,1547
875089,3524
875090,2033
875090,1750
875091,3523
875091,1548
875091,4899
875092,2356
875092,1501
875092,1580
875092,1544
875093,3908
875093,1398
875094,3908
875095,1573
875095,1501
875095,1580
875096,1398
875096,1541
875096,1581
875096,1502
875096,1572
875097,3902
875098,1869
875098,1582
875098,1581
875098,1502
875098,1572
875099,1541
875099,1581
875099,1502
875099,1572
875100,1897
875100,2034
875100,1417
875100,5437
875101,1897
875101,2034
875101,1417
875101,5437
875102,1897
875102,2034
875102,1417
875102,5437
875103,1635
875103,4685
875103,1544
875104,1573
875104,5180
875104,5115
875132,539
875132,527
875133,5340
875133,5109
875133,1318
875133,642
875133,639
875133,1248
875134,4728
875134,4521
875134,690
875134,3123
875134,636
875135,4254
875135,4566
875135,2246
875135,3608
875135,4432
875135,3415
875135,2828
875135,707
875135,603
875135,1900
875136,616
875136,1248
875136,1188
875136,708
875136,711
875136,3419
875136,735
875136,5628
875136,3599
875136,3597
875136,3604
875136,5764
875136,4528
875136,3720
875137,2934
875138,616
875138,1248
875138,1188
875138,708
875138,711
875138,3419
875138,735
875138,2279
875138,5628
875138,3599
875138,3597
875138,3604
875138,1086
875138,3618
875138,4555
875138,3629
875138,3692
875138,4526
875139,3615
875139,749
875139,3665
875139,3663
875139,1083
875139,4539
875139,3707
875139,1703
875139,3670
875139,3683
875139,2106
875139,727
875139,2274
875139,3415
875139,2828
875139,707
875139,612
875140,46
875140,4647
875140,636
875140,3536
875140,4699
875141,3647
875141,3649
875141,3653
875141,3044
875141,2899
875141,51
875141,716
875141,2274
875141,3420
875141,5592
875141,4566
875141,4256
875141,2115
875142,4255
875142,2934
875142,5585
875142,757
875142,3421
875142,2305
875142,2177
875142,2871
875142,3652
875142,3646
875142,3645
875143,4936
875143,4997
875143,5801
875143,5119
875143,4443
875143,2745
875143,5761
875143,575
875144,4971
875144,4865
875144,4442
875144,4918
875144,2745
875144,5761
875144,575
875145,4552
875145,3024
875145,5769
875145,4566
875145,2246
875145,3608
875145,4432
875145,3415
875145,2828
875145,707
875145,606
875145,603
875146,526
875146,538
875146,3272
875147,3272
875147,539
875147,527
875148,4953
875148,5367
875148,5675
875148,5340
875148,5109
875148,1318
875148,642
875148,639
875148,1248
875149,4953
875149,5367
875149,5675
875149,5340
875149,5109
875149,1318
875149,642
875149,636
875152,4521
875152,3123
875152,636
875153,690
875153,3123
875153,636
875154,4254
875154,4566
875154,2246
875154,3608
875154,4432
875154,3415
875154,2828
875154,707
875154,603
875154,1900
875155,1188
875155,708
875155,711
875155,3419
875155,735
875155,5628
875155,3599
875155,3597
875155,3604
875155,5764
875155,4528
875155,3720
875156,616
875156,1248
875156,708
875156,711
875156,3419
875156,735
875156,2279
875156,5628
875156,3599
875156,3597
875156,3604
875156,1086
875156,3632
875156,4254
875158,708
875158,711
875158,3419
875158,735
875158,2279
875158,5628
875158,3599
875158,3597
875158,3604
875158,1086
875158,3632
875158,4254
875160,3615
875160,749
875160,3665
875160,3663
875160,1083
875160,4539
875160,3707
875160,1703
875160,3668
875160,1979
875160,3670
875160,3683
875160,2106
875160,727
875160,2274
875160,3415
875160,2828
875160,707
875160,612
875161,3615
875161,749
875161,3665
875161,3663
875161,1083
875161,4539
875161,3707
875161,1703
875161,3668
875161,1979
875161,3670
875161,3683
875161,3720
875161,2106
875161,727
875161,2274
875161,3415
875161,2828
875161,707
875161,612
875162,1082
875162,3710
875162,3707
875162,1703
875162,3670
875162,3683
875162,2106
875162,727
875162,2274
875162,3415
875162,2828
875162,707
875162,612
875163,1082
875163,3710
875163,3707
875163,1703
875163,3670
875163,3683
875163,2106
875163,727
875163,2274
875163,3415
875163,2828
875163,707
875163,612
875164,1082
875164,3710
875164,3707
875164,1703
875164,3670
875164,3683
875164,3720
875164,2106
875164,727
875164,2274
875164,3415
875164,2828
875164,707
875164,612
875166,2317
875166,3707
875166,1703
875166,3668
875166,1731
875166,3037
875166,3647
875166,46
875166,4647
875166,636
875166,3536
875166,4699
875168,4728
875168,696
875168,46
875168,4647
875168,636
875168,3536
875168,4699
875171,4255
875171,2934
875171,5585
875171,757
875171,3415
875172,4936
875172,5801
875172,5119
875172,4930
875172,4443
875172,2745
875172,5761
875172,575
875173,4971
875173,4865
875173,4442
875173,4919
875173,2745
875173,5761
875173,575
875177,1188
875177,708
875177,711
875177,3419
875177,2279
875177,5628
875177,3599
875177,3597
875177,3604
875177,5762
875177,749
875177,3665
875177,3663
875177,1083
875178,33
875178,4663
875178,538
875178,3272
875178,3370
875178,5111
875178,4979
875178,4929
875179,4979
875179,4442
875179,3370
875179,3272
875179,539
875179,4664
875179,838
875180,3600
875180,1086
875180,3632
875180,3618
875180,4254
875180,4566
875180,2246
875180,5761
875180,575
875181,3419
875181,5628
875181,3599
875181,4559
875182,4552
875182,3024
875182,5769
875182,2934
875182,5585
875182,3884
875182,2711
875182,3196
875182,3415
875182,2828
875182,707
875182,612
875183,708
875183,711
875183,3419
875183,735
875183,2279
875183,5628
875183,3599
875183,3597
875183,3604
875183,3600
875184,1200
875184,3662
875184,3600
875184,1086
875184,3618
875184,4254
875184,4566
875184,2246
875184,5761
875184,575
875185,4566
875185,2246
875185,5761
875185,575
875186,4552
875186,3024
875186,5769
875186,2934
875186,5585
875186,3884
875186,2711
875186,3196
875186,3415
875186,2828
875186,707
875186,612
875187,5608
875187,149
875188,5608
875189,148
875189,5609
875190,83
875190,2482
875190,73
875190,5558
875190,2839
875191,2838
875191,5611
875191,74
875191,1025
875192,992
875192,5609
875193,148
875194,73
875197,148
875197,5609
875198,148
875199,148
875199,5609
875200,148
875200,5609
875201,153
875201,148
875205,83
875205,2482
875205,73
875205,5558
875205,2839
875205,3994
875206,83
875206,2482
875206,73
875207,2838
875207,5611
875207,74
875207,1025
875208,2838
875208,5611
875208,74
875208,1025
875209,2838
875209,5611
875209,74
875209,1025
875210,3995
875210,2838
875210,5611
875210,74
875210,1025
875211,3995
875211,2838
875211,5611
875211,74
875211,1025
875213,3995
875213,2838
875213,5611
875213,74
875213,1025
875214,74
875214,1025
875215,74
875215,1025
875216,74
875216,1025
875217,74
875217,1025
875218,5608
875218,2251
875218,895
875218,3870
875219,992
875220,992
875220,5609
875221,992
875221,5609
875222,3871
875222,992
875222,5609
875223,3871
875223,992
875225,3871
875225,992
875225,5609
875227,992
875227,1015
875227,5609
875228,992
875228,1015
875228,5609
875230,3871
875230,992
875230,1015
875230,5609
875231,3871
875231,992
875231,1015
875231,5609
875234,5608
875234,5561
875234,4248
875235,4248
875235,5620
875235,5609
875236,3977
875236,992
875236,5609
875237,5608
875237,895
875237,3976
875237,3972
875239,576
875239,1275
875239,4642
875239,1231
875239,5781
875240,4248
875240,5620
875240,5609
875241,4248
875241,5620
875241,5609
875242,4248
875242,5620
875246,3977
875246,992
875246,1015
875246,5609
875248,3977
875248,992
875248,1015
875248,5609
875249,3973
875249,3977
875249,992
875249,5609
875251,3973
875251,3977
875251,992
875251,5609
875254,3973
875254,3977
875254,992
875254,1015
875254,5609
875255,3976
875255,3972
875256,5608
875256,2251
875256,895
875256,3976
875256,3972
