variant_id,is_main,equiv_main_variant_id,join_stop_id,disjoin_stop_id
853476,0,,,
856825,0,873063,,
857856,1,,,
857892,0,,,
857893,0,,,
857894,0,,,
857895,0,,,
858690,0,,,
858691,0,,,
859376,0,,,
859948,0,,,
862436,0,873063,,
862581,0,,,
862936,0,,,
862938,0,,,
863606,0,873063,,
863645,0,873063,,
863731,1,,,
864247,1,,,
864250,0,,,
864752,0,873063,,
865034,1,,,
865103,1,,,
865190,0,873063,,
865815,1,,,
865820,0,,,
865821,0,,,
865822,0,,,
865823,0,,,
865835,0,,,
865849,0,,,
866131,0,873063,,
866508,0,872360,,
866602,1,,,
866624,1,,,
866625,1,,,
866631,0,,,
866632,0,,,
866633,0,,,
866935,1,,,
866959,0,,,
867067,0,,,
867132,0,,,
867181,0,,,
867276,0,,,
867298,1,,,
867315,0,872360,,
867322,0,873063,,
867327,0,873063,,
867357,0,872360,,
867385,0,873063,,
867440,1,,,
867546,0,,,
867741,0,872360,,
867875,0,,,
867876,0,872360,,
867908,0,,,
868565,1,,,
868588,1,,,
868604,0,,,
868606,0,,,
868663,1,,,
868706,0,872360,,
868717,0,873063,,
868718,0,,,
868737,0,872360,,
868760,0,872360,,
868791,0,872360,,
868794,0,872360,,
868858,0,,,
868877,0,,,
868878,0,872360,,
868879,0,,,
868892,0,873063,,
868929,0,,,
869131,1,,,
869202,0,873063,,
869352,1,,,
869371,0,872360,,
869375,0,873063,,
869377,0,872360,,
869379,0,872360,,
869388,0,873063,,
869426,0,872360,,
869430,0,873063,,
869452,0,872360,,
869454,0,872360,,
869520,0,872360,,
869550,0,873063,,
869618,0,,,
869657,1,,,
869660,1,,,
869677,0,,,
869678,0,,,
869686,0,,,
869708,0,,,
869745,1,,,
869746,1,,,
869747,1,,,
869754,1,,,
869763,0,873063,,
869770,0,873063,,
869776,0,872360,,
869788,0,873063,,
869813,0,872360,,
869826,0,873063,,
869830,0,872360,,
869831,0,873063,,
869862,0,873063,,
869874,1,,,
869937,0,872360,,
869938,0,,,
869939,0,873063,,
869970,0,872360,,
869973,0,873063,,
870020,0,872360,,
870024,0,872360,,
870078,0,,,
870127,1,,,
870136,0,,,
870218,0,,,
870220,0,,,
870231,1,,,
870259,1,,,
870349,0,,,
870371,0,872360,,
870372,0,873063,,
870378,0,,,
870421,0,873063,,
870423,0,873063,,
870424,0,,,
870425,0,872360,,
870435,0,,,
870454,0,873063,,
870553,1,,,
870577,1,,,
870578,1,,,
870581,1,,,
870582,1,,,
870585,1,,,
870595,0,873063,,
870596,0,873063,,
870628,0,872360,,
870632,0,872360,,
870657,0,872360,,
870658,0,872360,,
870676,0,873063,,
870856,0,,,
870876,1,,,
870882,0,,,
870883,0,,,
870884,0,,,
870885,0,,,
870928,1,,,
870935,1,,,
870959,0,,,
870969,0,,,
870971,0,,,
870972,0,,,
871012,0,,,
871090,1,,,
871108,1,,,
871109,1,,,
871146,0,873063,,
871181,0,872360,,
871187,0,873063,,
871193,0,,,
871201,0,873063,,
871207,0,873063,271,
871208,0,872360,,
871226,0,872360,,
871227,0,,,
871229,0,873063,,
871251,0,873063,,
871252,0,872360,,
871253,0,873063,,
871258,0,872360,,
871263,0,872360,,
871288,0,873063,,
871315,1,,,
871331,1,,,
871335,1,,,
871343,0,873063,,
871362,0,872360,,
871376,0,873063,,
871426,0,,,
871456,1,,,
871495,1,,,
871527,1,,,
871531,1,,,
871535,1,,,
871536,1,,,
871542,1,,,
871594,0,872360,,
871595,0,872360,,
871596,0,,,
871626,0,873063,,
871627,0,873063,,
871637,0,,,
871644,0,873063,,
871662,0,872360,,
871667,0,873063,,
871668,0,872360,,
871669,0,872360,,
871670,0,,,
871674,0,872360,,
871698,0,,,
871708,0,,,
871709,0,873063,,
871710,0,,,
871712,0,872360,,
871716,0,873063,,
871753,0,873063,,
871796,1,,,
871797,1,,,
871799,1,,,
871800,1,,,
871801,1,,,
871804,0,873063,,
871807,0,873063,,
871809,0,,,
871818,0,,,
871879,0,,,
871888,1,,,
871908,0,,,
871927,1,,,
871943,0,,,
871945,0,,,
871958,0,,,
871971,0,,,
871990,1,,,
871997,1,,,
872014,0,873063,,
872031,0,,,
872032,0,872360,,
872070,0,872360,,
872080,0,873063,,
872081,0,,,
872082,0,873063,,
872089,0,873063,,
872195,0,873063,,
872215,1,,,
872219,1,,,
872237,0,872360,,
872304,1,,,
872306,1,,,
872307,0,873063,,
872314,0,873063,,
872315,0,,,
872317,0,872360,,
872334,1,,,
872344,0,,,
872351,0,,,
872360,1,,,
872365,1,,,
872369,1,,,
872380,0,,,
872382,0,,,
872407,0,,,
872409,0,,,
872417,1,,,
872471,1,,,
872480,1,,,
872484,1,,,
872498,0,,,
872525,1,,,
872533,1,,,
872552,1,,,
872558,1,,,
872571,1,,,
872572,1,,,
872578,1,,,
872579,1,,,
872608,0,,,
872609,0,,,
872610,0,,,
872612,0,872360,,
872634,0,873063,,
872646,0,,,
872647,0,,,
872648,0,873063,,
872649,0,,,
872667,0,,,
872679,0,872360,,
872690,0,872360,,
872696,0,872360,,
872698,0,,,
872700,0,,,
872704,0,,,
872708,0,,,
872715,0,,,
872717,0,,,
872718,0,,,
872743,0,,,
872745,0,,,
872746,0,872360,,
872747,0,873063,,
872749,0,873063,,
872761,0,,,
872773,0,873063,,
872779,0,873063,,
872782,0,872360,,
872784,0,,,
872791,0,,,
872793,0,,,
872806,0,,,
872809,0,,,
872817,0,872360,,
872818,0,873063,,
872826,0,,,
872843,0,873063,,
872858,0,,,
872864,0,,,
872865,0,872360,,
872866,0,,,
872874,0,,,
872893,0,,,
872894,0,873063,,
872910,0,873063,,
872920,0,872360,,
872928,0,,,
872946,1,,,
872950,1,,,
872951,1,,,
872977,1,,,
872985,1,,,
872993,0,,,
872995,0,,,
873010,0,,,
873034,0,,,
873038,1,,,
873039,1,,,
873040,1,,,
873041,1,,,
873042,1,,,
873043,1,,,
873044,1,,,
873045,1,,,
873046,0,,,
873048,0,,,
873049,0,,,
873050,0,,,
873051,0,,,
873052,0,,,
873053,0,,,
873054,0,,,
873055,0,,,
873056,0,,,
873057,0,,,
873058,0,,,
873059,0,,,
873060,0,,,
873063,1,,,
873069,1,,,
873070,1,,,
873071,1,,,
873077,1,,,
873078,1,,,
873082,1,,,
873085,1,,,
873086,1,,,
873088,1,,,
873090,1,,,
873092,1,,,
873093,1,,,
873094,1,,,
873095,1,,,
873096,1,,,
873097,1,,,
873100,1,,,
873101,1,,,
873104,1,,,
873115,1,,,
873129,0,873063,,
873130,0,873063,281,
873134,0,,,
873136,0,873063,,
873139,0,873063,,
873144,0,873063,,
873147,0,873063,,
873148,0,872360,,
873163,0,,,
873164,0,873063,,
873165,0,872360,,
873170,0,872360,,
873192,0,873063,,
873195,0,,,
873196,0,873063,,
873197,0,873063,,
873198,0,873063,,
873199,0,873063,,
873207,0,873063,,
873218,0,872360,,
873219,0,,,
873220,0,873063,,
873221,0,873063,,
873222,0,872360,,
873236,0,,,
873237,0,,,
873241,0,872360,,
873242,0,,,
873244,0,,,
873247,0,872360,,
873254,0,872360,,
873256,0,,,
873257,0,,,
873261,0,873063,,
873264,0,872360,,
873282,0,,,
873283,0,872360,,
873284,0,873063,,
873285,0,,,
873288,0,,,
873289,0,873063,,
873290,0,873063,,
873291,0,,,
873293,0,,,
873295,0,873063,,
873296,0,873063,,
873297,0,,,
873299,0,872360,,
873303,0,872360,,
873306,0,873063,,
873308,0,,,
873311,0,,,
873312,0,,,
873326,0,,,
873327,0,,,
873339,0,873063,,
873346,0,,,
873347,0,872360,,
873358,1,,,
873359,1,,,
873360,1,,,
873361,1,,,
873363,1,,,
873364,1,,,
873365,1,,,
873371,1,,,
873372,1,,,
873373,1,,,
873374,1,,,
873376,1,,,
873377,1,,,
873378,1,,,
873379,1,,,
873380,0,873063,,
873386,0,872360,,
873388,0,872360,,
873389,0,873063,,
873390,0,872360,,
873391,0,872360,,
873392,0,873063,,
873393,0,873063,,
873394,0,873063,,
873395,0,872360,,
873396,0,873063,,
873410,0,873063,,
873411,0,873063,,
873412,0,872360,,
873421,0,873063,,
873423,0,873063,,
873426,0,872360,,
873427,0,872360,,
873428,0,873063,,
873429,0,873063,,
873430,0,872360,,
873433,0,872360,,
873434,0,873063,,
873454,0,872360,,
873457,0,873063,,
873459,0,,,
873468,0,873063,,
873469,0,873063,,
873470,0,872360,,
873471,0,872360,,
873472,0,873063,,
873477,0,872360,,
873482,0,873063,,
873483,0,872360,,
873484,0,873063,,
873485,0,873063,,
873486,0,873063,,
873487,0,873063,,
873488,0,872360,,
873491,0,872360,,
873492,0,873063,,
873688,1,,,
873692,1,,,
873693,1,,,
873697,1,,,
873700,1,,,
873706,1,,,
873711,1,,,
873715,0,873063,,
873716,0,872360,,
873722,0,873063,,
873723,0,872360,,
873735,0,872360,,
873738,0,872360,,
873759,0,873063,,
873764,0,873063,,
873768,0,872360,,
873775,0,873063,,
873777,0,872360,,
873778,0,873063,,
873783,0,872360,,
873786,0,,,
873788,0,,,
873794,0,872360,,898
873796,0,873063,,
873801,0,873063,281,
873802,0,872360,,
873803,0,873063,281,
873804,0,873063,281,
873805,0,873063,,
873806,0,872360,,
873809,0,873063,,
873810,0,873063,,
873811,0,872360,,
873815,0,872360,,
873818,0,872360,,
873824,0,,,
873825,0,,,
873826,0,873063,,
873827,0,873063,,
873832,0,873063,,
873835,0,872360,,
873836,0,873063,,
873837,0,872360,,
873846,0,,,
873847,0,872360,,
873853,0,,,
873861,0,,,
873863,0,,,
873865,0,,,
873874,0,,,
873876,0,,,
873877,0,,,
873881,0,873063,,
873888,0,873063,,
873896,0,873063,,
873899,0,872360,,
873906,1,,,
873907,1,,,
873912,0,,,
873913,0,,,
873914,0,,,
873937,0,,,
873956,1,,,
873965,0,,,
873990,1,,,
874019,0,,,
874037,0,,,
874148,1,,,
874154,1,,,
874155,1,,,
874159,1,,,
874161,1,,,
874163,1,,,
874164,1,,,
874165,1,,,
874166,1,,,
874167,1,,,
874168,1,,,
874169,1,,,
874170,1,,,
874171,1,,,
874173,1,,,
874174,1,,,
874179,1,,,
874182,1,,,
874183,1,,,
874184,1,,,
874185,1,,,
874186,1,,,
874188,1,,,
874190,1,,,
874193,1,,,
874194,0,,,
874195,0,872360,,
874197,0,872360,,
874199,0,872360,,
874203,0,872360,,
874216,0,873063,,
874219,0,,,
874220,0,873063,,
874241,0,,,
874245,0,872360,,
874246,0,,,
874247,0,872360,,
874248,0,873063,,
874251,0,,,
874253,0,,,
874256,0,,,
874257,0,,,
874260,0,873063,,
874262,0,872360,,1149
874264,0,872360,,
874266,0,,,
874267,0,,,
874270,0,872360,,898
874271,0,873063,,
874273,0,873063,281,
874274,0,872360,,
874275,0,872360,,
874276,0,873063,,
874277,0,873063,,
874278,0,,,
874279,0,,,
874281,0,873063,,
874282,0,872360,,
874284,0,,,
874287,0,873063,,
874289,0,873063,,
874296,0,872360,,
874298,0,,,
874300,0,872360,,
874302,0,,,
874304,0,,,
874306,0,872360,,
874307,0,873063,,
874308,0,872360,,
874311,0,873063,,
874312,0,,,
874313,0,,,
874314,0,873063,,
874315,0,873063,,
874316,0,872360,,
874317,0,873063,,
874319,0,873063,,
874320,0,872360,,
874325,0,,,
874326,0,873063,,
874327,0,873063,,
874328,0,873063,,
874329,0,873063,,
874333,0,,,
874335,0,,,
874340,0,873063,,
874341,0,,,
874345,0,,,
874346,0,,,
874348,0,872360,,
874349,0,872360,,
874352,0,873063,,
874353,0,,,
874354,0,,,
874355,0,,,
874361,0,873063,,
874362,0,,,
874365,0,,,
874366,0,,,
874370,0,872360,,
874371,0,872360,,
874372,0,,,
874373,0,873063,,
874374,0,873063,,
874379,0,,,
874383,0,,,
874384,0,,,
874385,0,,,
874396,0,873063,,
874402,0,872360,,
874403,0,,,
874404,0,,,
874405,0,872360,,
874407,0,873063,,
874433,0,872360,,
874435,0,872360,,
874436,0,873063,,
874437,0,873063,,
874438,0,873063,,
874441,0,873063,,
874453,0,872360,,
874454,0,872360,,
874480,0,873063,,
874483,0,872360,,
874487,0,872360,,
874488,0,873063,,
874489,0,872360,,
874490,0,873063,,
874492,0,873063,,
874511,1,,,
874512,0,872360,,
874514,0,872360,,
874515,0,872360,,
874516,0,873063,,
874518,0,872360,,
874519,0,872360,,
874539,0,872360,,
874549,0,873063,,
874551,0,872360,,
874588,1,,,
874589,1,,,
874591,1,,,
874599,1,,,
874601,1,,,
874603,1,,,
874604,1,,,
874605,1,,,
874606,1,,,
874607,1,,,
874608,1,,,
874609,1,,,
874610,1,,,
874611,1,,,
874612,1,,,
874614,1,,,
874615,1,,,
874616,1,,,
874617,1,,,
874618,1,,,
874621,1,,,
874622,1,,,
874623,1,,,
874624,1,,,
874625,1,,,
874626,1,,,
874627,1,,,
874628,1,,,
874630,1,,,
874631,1,,,
874635,1,,,
874636,1,,,
874638,0,872360,,
874641,0,872360,,
874642,0,873063,,
874644,0,,,
874645,0,873063,,
874646,0,872360,,
874647,0,873063,,
874660,0,872360,,
874661,0,872360,,
874662,0,873063,,
874663,0,,,
874664,0,,,
874665,0,873063,,
874669,0,873063,,
874670,0,872360,,
874682,0,873063,,
874683,0,873063,,
874684,0,873063,,
874689,0,,,
874692,0,872360,,
874693,0,,,
874694,0,873063,,
874696,0,872360,,
874702,0,,,
874706,0,,,
874707,0,873063,271,
874708,0,,,
874709,0,873063,271,
874710,0,,,
874711,0,,,
874712,0,873063,,
874716,0,,,
874721,0,,,
874722,0,873063,,
874723,0,872360,,
874724,0,873063,,
874725,0,872360,,
874726,0,872360,,
874727,0,873063,,
874728,0,873063,,
874729,0,872360,,
874730,0,872360,,
874731,0,873063,,
874740,0,,,
874743,0,873063,,
874744,0,,,
874745,0,872360,,
874746,0,,,
874747,0,873063,,
874749,0,872360,,
874750,0,873063,281,
874751,0,,,
874752,0,,,
874753,0,,,
874754,0,873063,,
874755,0,872360,,
874756,0,872360,,
874758,0,873063,,
874760,0,872360,,
874761,0,872360,,
874764,0,873063,,
874765,0,,,
874766,0,872360,,
874767,0,,,
874768,0,,,
874769,0,,,
874773,0,873063,,
874777,0,,,
874779,0,,,
874783,0,873063,,
874784,0,,,
874785,0,872360,,
874786,0,,,
874787,0,873063,,
874788,0,873063,,
874789,0,,,
874790,0,,,
874791,0,,,
874792,0,873063,,
874794,0,,,
874796,0,,,
874797,0,872360,,
874798,0,,,
874800,0,872360,,
874801,0,,,
874805,0,873063,,
874806,0,,,
874808,0,,,
874809,0,872360,,
874810,0,,,
874813,0,,,
874821,0,,,
874822,0,872360,,
874825,0,873063,,
874826,0,,,
874829,0,,,
874835,1,,,
874836,1,,,
874837,1,,,
874838,1,,,
874839,1,,,
874840,1,,,
874841,1,,,
874842,1,,,
874844,1,,,
874845,1,,,
874846,1,,,
874847,1,,,
874848,1,,,
874849,1,,,
874850,1,,,
874851,0,872360,,
874852,0,873063,,
874854,0,,,
874856,0,,,
874857,0,873063,,
874858,0,873063,,
874859,0,872360,,
874860,0,872360,,
874861,0,872360,,
874863,0,872360,,
874864,0,,,
874865,0,,,
874866,0,,,
874870,0,,,
874871,0,,,
874872,0,,,
874873,0,,,
874874,0,873063,,
874875,0,,,
874878,0,872360,,
874879,0,872360,,
874880,0,,,
874881,0,,,
874883,0,,,
874884,0,,,
874885,0,,,
874886,0,872360,,
874888,0,,,
874889,0,,,
874893,0,872360,,
874894,0,,,
874895,0,,,
874896,0,,,
874898,0,,,
874899,0,,,
874900,0,,,
874901,0,872360,,
874902,0,872360,,
874904,0,873063,,
874905,0,,,
874906,1,,,
874907,1,,,
874908,1,,,
874909,1,873063,,
874910,0,,,
874912,0,872360,,
874913,0,,,
874914,0,873063,,
874915,0,,,
874917,0,,,
874920,1,,,
874979,1,,,
874980,1,,,
874981,1,,,
874982,1,,,
874989,1,,,
874990,1,,,
874991,1,,,
874993,0,,,
874994,0,872360,,
874995,0,872360,,
874997,0,872360,,
874998,0,872360,,
874999,0,872360,,
875000,0,872360,,
875004,0,873063,,
875005,0,873063,,
875008,0,872360,,
875009,0,872360,,
875019,0,872360,,
875025,0,872360,,
875027,0,873063,,
875032,0,,,
875036,1,,,
875037,1,,,
875038,1,,,
875039,1,,,
875040,1,,,
875041,1,,,
875042,1,,,
875043,0,872360,,
875045,0,872360,,
875046,0,873063,,
875047,0,873063,,
875048,0,872360,,
875050,0,873063,,
875051,0,873063,,
875052,0,872360,,
875053,0,872360,,
875054,0,873063,,
875055,0,873063,,
875056,0,872360,,
875057,0,873063,,
875058,0,873063,,
875059,0,873063,,
875060,0,872360,,
875061,0,873063,,
875062,0,873063,,
875063,0,873063,,
875064,0,873063,,
875065,0,872360,,
875066,0,872360,,
875067,0,872360,,
875068,0,872360,,
875069,0,872360,,
875070,0,873063,,
875071,0,872360,,
875072,0,873063,,
875073,0,873063,,
875074,0,873063,,
875075,0,,,
875076,0,872360,,
875077,0,872360,,
875078,0,873063,,
875079,0,873063,,
875080,0,872360,,
875081,0,873063,,
875082,0,872360,,
875083,0,873063,,
875084,0,872360,,
875085,0,873063,,
875086,0,872360,,
875087,0,873063,,
875088,0,872360,,
875089,0,873063,,
875090,0,872360,,
875091,0,872360,,
875092,0,872360,,
875093,0,873063,,
875094,0,873063,,
875095,0,872360,,
875096,0,873063,,
875097,0,872360,,
875098,0,873063,,
875099,0,873063,,
875100,0,872360,,
875101,0,872360,,
875102,0,872360,,
875103,0,873063,,
875104,0,872360,,
875132,1,,,
875133,1,,,
875134,1,,,
875135,1,,,
875136,1,,,
875137,1,,,
875138,1,,,
875139,1,,,
875140,1,,,
875141,1,,,
875142,1,,,
875143,1,,,
875144,1,,,
875145,1,,,
875146,0,,,
875147,0,,,
875148,0,,,
875149,0,,,
875152,0,,,
875153,0,,,
875154,0,,,
875155,0,,,
875156,0,,,
875158,0,,,
875160,0,,,
875161,0,,,
875162,0,,,
875163,0,,,
875164,0,,,
875166,0,,,
875168,0,,,
875171,0,,,
875172,0,,,
875173,0,,,
875177,1,,,
875178,1,,,
875179,1,,,
875180,1,,,
875181,1,,,
875182,1,,,
875183,0,,,
875184,0,,,
875185,0,,,
875186,0,,,
875187,1,,,
875188,1,,,
875189,1,,,
875190,1,,,
875191,1,,,
875192,1,,,
875193,0,,,
875194,0,,,
875197,0,,,
875198,0,,,
875199,0,,,
875200,0,,,
875201,0,,,
875205,0,,,
875206,0,,,
875207,0,,,
875208,0,,,
875209,0,,,
875210,0,,,
875211,0,,,
875213,0,,,
875214,0,,,
875215,0,,,
875216,0,,,
875217,0,,,
875218,0,,,
875219,0,,,
875220,0,,,
875221,0,,,
875222,0,,,
875223,0,,,
875225,0,,,
875227,0,,,
875228,0,,,
875230,0,,,
875231,0,,,
875234,1,,,
875235,1,,,
875236,1,,,
875237,1,,,
875239,0,,,
875240,0,,,
875241,0,,,
875242,0,,,
875246,0,,,
875248,0,,,
875249,0,,,
875251,0,,,
875254,0,,,
875255,0,,,
875256,0,,,
